0,550
121,5
121,4
121,3
121,2
121,1
121,0
120,5
120,4
120,3
120,2
120,1
120,0
119,5
119,4
119,3
119,2
119,1
119,0
118,5
118,4
118,3
118,2
118,1
118,0
117,4
117,3
117,2
117,1
117,0
116,4
116,3
116,2
116,1
116,0
115,3
115,2
115,1
115,0
114,4
114,3
114,2
114,1
114,0
113,3
113,2
113,1
113,0
112,3
112,2
112,1
112,0
111,3
111,2
111,1
111,0
110,4
110,3
110,2
110,1
110,0
109,4
109,3
109,2
109,1
109,0
108,7
108,6
108,5
108,4
108,3
108,2
108,1
108,0
14,12
107,14
107,13
107,12
107,11
107,10
107,9
107,8
107,7
107,6
107,5
107,4
107,3
107,2
107,1
107,0
106,13
106,12
106,11
106,10
106,9
106,8
106,7
106,6
106,5
106,4
106,3
106,2
106,1
106,0
105,6
105,5
105,4
105,3
105,2
105,1
105,0
104,5
104,4
104,3
104,2
104,1
104,0
103,13
103,12
103,11
103,10
103,9
103,8
103,7
103,6
103,5
103,4
103,3
103,2
103,1
103,0
102,12
102,11
102,10
102,9
102,8
102,7
102,6
102,5
102,4
102,3
102,2
102,1
102,0
101,11
101,10
101,9
101,8
101,7
101,6
101,5
101,4
101,3
101,2
101,1
101,0
100,6
100,5
100,4
100,3
100,2
100,1
100,0
99,6
99,5
99,4
99,3
99,2
99,1
99,0
98,4
98,3
98,2
98,1
98,0
97,5
97,4
97,3
97,2
97,1
97,0
96,3
96,2
96,1
96,0
95,3
95,2
95,1
95,0
94,6
94,5
94,4
94,3
94,2
94,1
94,0
93,4
93,3
93,2
93,1
93,0
92,6
92,5
92,4
92,3
92,2
92,1
92,0
91,11
91,10
91,9
91,8
91,7
91,6
91,5
91,4
91,3
91,2
91,1
91,0
14,11
14,10
90,10
90,9
90,8
90,7
90,6
90,5
90,4
90,3
90,2
90,1
90,0
89,6
89,5
89,4
89,3
89,2
89,1
89,0
88,4
88,3
88,2
88,1
88,0
87,6
87,5
87,4
87,3
87,2
87,1
87,0
86,4
86,3
86,2
86,1
86,0
85,5
85,4
85,3
85,2
85,1
85,0
84,4
84,3
84,2
84,1
84,0
65,5
65,4
68,5
83,6
14,9
83,5
83,4
83,3
83,2
83,1
83,0
82,4
